version https://git-lfs.github.com/spec/v1
oid sha256:58597db5ae158e0d559958d3701c287832247addf03da61dbd5c445fe62a2582
size 51997311
